% Intrinsic and Extrinsic Camera Parameters
%
% This script file can be directly executed under Matlab to recover the camera intrinsic and extrinsic parameters.
% IMPORTANT: This file contains neither the structure of the calibration objects nor the image coordinates of the calibration points.
%            All those complementary variables are saved in the complete matlab data file Calib_Results.mat.
% For more information regarding the calibration model visit http://www.vision.caltech.edu/bouguetj/calib_doc/


%-- Focal length:
fc = [ 1997.440650966819476 ; 1996.925769273382684 ];

%-- Principal point:
cc = [ 938.992619458768786 ; 572.396066497114589 ];

%-- Skew coefficient:
alpha_c = 0.000000000000000;

%-- Distortion coefficients:
kc = [ -0.082240826563773 ; 2.965134800940545 ; -0.007303272507483 ; -0.001957197416223 ; 0.000000000000000 ];

%-- Focal length uncertainty:
fc_error = [ 13.593181275005001 ; 13.689587939910375 ];

%-- Principal point uncertainty:
cc_error = [ 16.886047691499694 ; 20.526042755319200 ];

%-- Skew coefficient uncertainty:
alpha_c_error = 0.000000000000000;

%-- Distortion coefficients uncertainty:
kc_error = [ 0.070801966472106 ; 2.118125767173841 ; 0.003872165229217 ; 0.002933968516676 ; 0.000000000000000 ];

%-- Image size:
nx = 1920;
ny = 1080;


%-- Various other variables (may be ignored if you do not use the Matlab Calibration Toolbox):
%-- Those variables are used to control which intrinsic parameters should be optimized

n_ima = 51;						% Number of calibration images
est_fc = [ 1 ; 1 ];					% Estimation indicator of the two focal variables
est_aspect_ratio = 1;				% Estimation indicator of the aspect ratio fc(2)/fc(1)
center_optim = 1;					% Estimation indicator of the principal point
est_alpha = 0;						% Estimation indicator of the skew coefficient
est_dist = [ 1 ; 1 ; 1 ; 1 ; 0 ];	% Estimation indicator of the distortion coefficients


%-- Extrinsic parameters:
%-- The rotation (omc_kk) and the translation (Tc_kk) vectors for every calibration image and their uncertainties

%-- Image #1:
omc_1 = [ -3.088013e+00 ; 1.701760e-01 ; 1.434096e-01 ];
Tc_1  = [ 7.209377e+01 ; 1.425393e+02 ; 1.646728e+03 ];
omc_error_1 = [ 1.587266e-02 ; 1.318362e-03 ; 2.587815e-02 ];
Tc_error_1  = [ 1.396855e+01 ; 1.693335e+01 ; 1.126625e+01 ];

%-- Image #2:
omc_2 = [ -2.554157e+00 ; 9.797881e-02 ; 1.455188e-01 ];
Tc_2  = [ 4.306300e+01 ; 1.630319e+02 ; 1.650165e+03 ];
omc_error_2 = [ 1.042319e-02 ; 3.649314e-03 ; 1.155285e-02 ];
Tc_error_2  = [ 1.400466e+01 ; 1.695943e+01 ; 1.098897e+01 ];

%-- Image #3:
omc_3 = [ -2.683598e+00 ; 9.215692e-01 ; 7.310299e-01 ];
Tc_3  = [ 1.116964e+02 ; 1.924647e+02 ; 1.637683e+03 ];
omc_error_3 = [ 9.160636e-03 ; 6.198106e-03 ; 1.291221e-02 ];
Tc_error_3  = [ 1.390442e+01 ; 1.683764e+01 ; 1.109130e+01 ];

%-- Image #4:
omc_4 = [ 2.121569e+00 ; -1.110203e+00 ; -7.346096e-01 ];
Tc_4  = [ 1.009734e+02 ; 2.072143e+02 ; 1.626800e+03 ];
omc_error_4 = [ 9.578930e-03 ; 4.324637e-03 ; 1.138913e-02 ];
Tc_error_4  = [ 1.385969e+01 ; 1.677328e+01 ; 1.162388e+01 ];

%-- Image #5:
omc_5 = [ 2.558389e+00 ; 7.443700e-01 ; 3.383700e-01 ];
Tc_5  = [ 6.716914e+01 ; 1.453071e+02 ; 1.700489e+03 ];
omc_error_5 = [ 1.111651e-02 ; 2.809448e-03 ; 1.232980e-02 ];
Tc_error_5  = [ 1.443291e+01 ; 1.744435e+01 ; 1.229955e+01 ];

%-- Image #6:
omc_6 = [ 3.115452e+00 ; -6.194573e-02 ; -6.565082e-02 ];
Tc_6  = [ 6.057771e+01 ; 1.940697e+02 ; 1.942168e+03 ];
omc_error_6 = [ 2.560370e-02 ; 2.304729e-03 ; 4.435905e-02 ];
Tc_error_6  = [ 1.649439e+01 ; 1.998826e+01 ; 1.355237e+01 ];

%-- Image #7:
omc_7 = [ 2.836274e+00 ; -6.827204e-01 ; -2.951963e-01 ];
Tc_7  = [ 5.341106e+01 ; 1.997366e+02 ; 1.659615e+03 ];
omc_error_7 = [ 1.028683e-02 ; 2.031153e-03 ; 1.508322e-02 ];
Tc_error_7  = [ 1.411883e+01 ; 1.710047e+01 ; 1.156475e+01 ];

%-- Image #8:
omc_8 = [ 2.809197e+00 ; 8.281219e-02 ; -6.336007e-02 ];
Tc_8  = [ 1.878571e+01 ; 1.691521e+02 ; 1.582987e+03 ];
omc_error_8 = [ 1.136169e-02 ; 1.949911e-03 ; 1.234122e-02 ];
Tc_error_8  = [ 1.343946e+01 ; 1.626652e+01 ; 1.117186e+01 ];

%-- Image #9:
omc_9 = [ 2.610953e+00 ; 2.694561e-01 ; -9.332155e-01 ];
Tc_9  = [ 4.166538e+01 ; 1.725101e+02 ; 1.646473e+03 ];
omc_error_9 = [ 9.647764e-03 ; 5.414130e-03 ; 1.130800e-02 ];
Tc_error_9  = [ 1.399071e+01 ; 1.694739e+01 ; 1.120143e+01 ];

%-- Image #10:
omc_10 = [ 2.528378e+00 ; -5.762649e-01 ; -1.005521e+00 ];
Tc_10  = [ 7.704159e+01 ; 1.896637e+02 ; 1.657286e+03 ];
omc_error_10 = [ 1.007202e-02 ; 4.109848e-03 ; 1.190375e-02 ];
Tc_error_10  = [ 1.408919e+01 ; 1.706815e+01 ; 1.143495e+01 ];

%-- Image #11:
omc_11 = [ -2.858208e+00 ; 9.464710e-01 ; -3.799806e-01 ];
Tc_11  = [ 6.646930e+01 ; 2.108918e+02 ; 1.628600e+03 ];
omc_error_11 = [ 1.146577e-02 ; 2.643048e-03 ; 1.484262e-02 ];
Tc_error_11  = [ 1.385231e+01 ; 1.676241e+01 ; 1.125783e+01 ];

%-- Image #12:
omc_12 = [ -2.181648e+00 ; 1.540420e+00 ; -7.334462e-01 ];
Tc_12  = [ 7.649732e+01 ; 1.850348e+02 ; 1.671213e+03 ];
omc_error_12 = [ 9.608329e-03 ; 4.849454e-03 ; 1.274651e-02 ];
Tc_error_12  = [ 1.419605e+01 ; 1.718911e+01 ; 1.124032e+01 ];

%-- Image #13:
omc_13 = [ -2.352313e+00 ; 1.184671e+00 ; 8.519863e-01 ];
Tc_13  = [ 8.495793e+01 ; 1.649884e+02 ; 1.678272e+03 ];
omc_error_13 = [ 8.541214e-03 ; 7.802174e-03 ; 1.208442e-02 ];
Tc_error_13  = [ 1.422961e+01 ; 1.725725e+01 ; 1.112658e+01 ];

%-- Image #14:
omc_14 = [ 2.487677e+00 ; 3.979083e-01 ; 2.709354e-01 ];
Tc_14  = [ 3.628211e+01 ; 1.644469e+02 ; 1.649683e+03 ];
omc_error_14 = [ 1.074165e-02 ; 3.310306e-03 ; 1.089027e-02 ];
Tc_error_14  = [ 1.400523e+01 ; 1.693239e+01 ; 1.192224e+01 ];

%-- Image #15:
omc_15 = [ -2.786890e+00 ; -1.101911e+00 ; -8.031669e-01 ];
Tc_15  = [ -9.530316e+00 ; 1.139326e+02 ; 1.603777e+03 ];
omc_error_15 = [ 8.818728e-03 ; 8.070097e-03 ; 1.400001e-02 ];
Tc_error_15  = [ 1.359824e+01 ; 1.648562e+01 ; 1.133731e+01 ];

%-- Image #16:
omc_16 = [ -2.799337e+00 ; -5.771646e-01 ; 3.904024e-02 ];
Tc_16  = [ 2.492724e+01 ; 1.133030e+02 ; 1.608918e+03 ];
omc_error_16 = [ 1.024792e-02 ; 3.341272e-03 ; 1.449013e-02 ];
Tc_error_16  = [ 1.364010e+01 ; 1.651361e+01 ; 1.095775e+01 ];

%-- Image #17:
omc_17 = [ 2.948532e+00 ; -5.628098e-02 ; -7.408649e-01 ];
Tc_17  = [ 1.751341e+01 ; 1.678984e+02 ; 1.675471e+03 ];
omc_error_17 = [ 9.955556e-03 ; 3.461728e-03 ; 1.333467e-02 ];
Tc_error_17  = [ 1.422330e+01 ; 1.722696e+01 ; 1.133776e+01 ];

%-- Image #18:
omc_18 = [ 2.574981e+00 ; -1.157496e+00 ; -2.352523e-01 ];
Tc_18  = [ 8.813449e+01 ; 1.749717e+02 ; 1.590237e+03 ];
omc_error_18 = [ 9.219941e-03 ; 3.523824e-03 ; 1.409202e-02 ];
Tc_error_18  = [ 1.352287e+01 ; 1.639785e+01 ; 1.116354e+01 ];

%-- Image #19:
omc_19 = [ 2.735568e+00 ; -1.044348e+00 ; 9.769156e-01 ];
Tc_19  = [ 3.691444e+01 ; 1.756468e+02 ; 1.698184e+03 ];
omc_error_19 = [ 8.602577e-03 ; 8.268980e-03 ; 1.279092e-02 ];
Tc_error_19  = [ 1.440726e+01 ; 1.745592e+01 ; 1.178603e+01 ];

%-- Image #20:
omc_20 = [ 2.638008e+00 ; -5.435214e-01 ; 4.313424e-01 ];
Tc_20  = [ 4.373287e+01 ; 1.737427e+02 ; 1.730787e+03 ];
omc_error_20 = [ 1.030969e-02 ; 4.806028e-03 ; 1.163352e-02 ];
Tc_error_20  = [ 1.468310e+01 ; 1.778520e+01 ; 1.228461e+01 ];

%-- Image #21:
omc_21 = [ 2.173143e+00 ; -6.904393e-01 ; -4.046498e-01 ];
Tc_21  = [ 6.267508e+01 ; 1.966689e+02 ; 1.684690e+03 ];
omc_error_21 = [ 9.800294e-03 ; 4.453789e-03 ; 1.021601e-02 ];
Tc_error_21  = [ 1.433385e+01 ; 1.736624e+01 ; 1.207142e+01 ];

%-- Image #22:
omc_22 = [ 2.208785e+00 ; -1.764575e+00 ; -4.391379e-01 ];
Tc_22  = [ 1.497900e+02 ; 1.911206e+02 ; 1.695339e+03 ];
omc_error_22 = [ 8.576837e-03 ; 4.624052e-03 ; 1.441985e-02 ];
Tc_error_22  = [ 1.442234e+01 ; 1.747615e+01 ; 1.199124e+01 ];

%-- Image #23:
omc_23 = [ 2.478038e+00 ; -6.788523e-01 ; -9.576234e-01 ];
Tc_23  = [ 1.188847e+02 ; 1.963732e+02 ; 1.684230e+03 ];
omc_error_23 = [ 9.926661e-03 ; 3.865672e-03 ; 1.186664e-02 ];
Tc_error_23  = [ 1.433195e+01 ; 1.737055e+01 ; 1.172571e+01 ];

%-- Image #24:
