% Intrinsic and Extrinsic Camera Parameters
%
% This script file can be directly executed under Matlab to recover the camera intrinsic and extrinsic parameters.
% IMPORTANT: This file contains neither the structure of the calibration objects nor the image coordinates of the calibration points.
%            All those complementary variables are saved in the complete matlab data file Calib_Results.mat.
% For more information regarding the calibration model visit http://www.vision.caltech.edu/bouguetj/calib_doc/


%-- Focal length:
fc = [ 658.027882242298006 ; 657.601864834779235 ];

%-- Principal point:
cc = [ 328.231010746617301 ; 256.335077809241909 ];

%-- Skew coefficient:
alpha_c = 0.000000000000000;

%-- Distortion coefficients:
kc = [ 0.093445672736381 ; -0.092633778790975 ; -0.000326163797290 ; 0.004345674869847 ; 0.000000000000000 ];

%-- Focal length uncertainty:
fc_error = [ 3.633596086344443 ; 3.645173992373537 ];

%-- Principal point uncertainty:
cc_error = [ 1.995456866468113 ; 1.841788618552885 ];

%-- Skew coefficient uncertainty:
alpha_c_error = 0.000000000000000;

%-- Distortion coefficients uncertainty:
kc_error = [ 0.010005033554322 ; 0.062700417442246 ; 0.001142508316270 ; 0.001300089976215 ; 0.000000000000000 ];

%-- Image size:
nx = 640;
ny = 480;


%-- Various other variables (may be ignored if you do not use the Matlab Calibration Toolbox):
%-- Those variables are used to control which intrinsic parameters should be optimized

n_ima = 41;						% Number of calibration images
est_fc = [ 1 ; 1 ];					% Estimation indicator of the two focal variables
est_aspect_ratio = 1;				% Estimation indicator of the aspect ratio fc(2)/fc(1)
center_optim = 1;					% Estimation indicator of the principal point
est_alpha = 0;						% Estimation indicator of the skew coefficient
est_dist = [ 1 ; 1 ; 1 ; 1 ; 0 ];	% Estimation indicator of the distortion coefficients


%-- Extrinsic parameters:
%-- The rotation (omc_kk) and the translation (Tc_kk) vectors for every calibration image and their uncertainties

%-- Image #1:
omc_1 = [ 2.142356e+00 ; 2.112917e+00 ; -1.093163e-01 ];
Tc_1  = [ -1.052379e+02 ; -1.298266e+02 ; 6.049674e+02 ];
omc_error_1 = [ 3.913528e-03 ; 4.318501e-03 ; 8.494556e-03 ];
Tc_error_1  = [ 1.850445e+00 ; 1.697978e+00 ; 3.442746e+00 ];

%-- Image #2:
omc_2 = [ 1.882024e+00 ; 2.364726e+00 ; -1.332159e-01 ];
Tc_2  = [ -5.393352e+01 ; -1.481865e+02 ; 5.982539e+02 ];
omc_error_2 = [ 3.442755e-03 ; 4.537132e-03 ; 8.211378e-03 ];
Tc_error_2  = [ 1.831337e+00 ; 1.672366e+00 ; 3.405226e+00 ];

%-- Image #3:
omc_3 = [ 2.103289e+00 ; 2.034567e+00 ; -3.554261e-01 ];
Tc_3  = [ -1.070555e+02 ; -4.321157e+01 ; 6.319592e+02 ];
omc_error_3 = [ 3.921995e-03 ; 3.943349e-03 ; 7.929175e-03 ];
Tc_error_3  = [ 1.911910e+00 ; 1.777391e+00 ; 3.454253e+00 ];

%-- Image #4:
omc_4 = [ -2.003445e+00 ; -1.997103e+00 ; 3.165955e-01 ];
Tc_4  = [ -6.975464e+01 ; -8.996076e+01 ; 5.829768e+02 ];
omc_error_4 = [ 3.284774e-03 ; 3.337094e-03 ; 6.436641e-03 ];
Tc_error_4  = [ 1.767933e+00 ; 1.625957e+00 ; 3.112099e+00 ];

%-- Image #5:
omc_5 = [ 2.031540e+00 ; 2.201705e+00 ; -5.345100e-01 ];
Tc_5  = [ -1.092815e+02 ; -1.425611e+02 ; 6.208324e+02 ];
omc_error_5 = [ 2.512368e-03 ; 3.593900e-03 ; 6.177749e-03 ];
Tc_error_5  = [ 1.903469e+00 ; 1.757407e+00 ; 3.310452e+00 ];

%-- Image #6:
omc_6 = [ 1.086174e+00 ; 2.690212e+00 ; -3.189455e-01 ];
Tc_6  = [ -6.434066e+01 ; -1.755730e+02 ; 5.693730e+02 ];
omc_error_6 = [ 1.536244e-03 ; 4.332030e-03 ; 6.169410e-03 ];
Tc_error_6  = [ 1.753622e+00 ; 1.606977e+00 ; 3.100593e+00 ];

%-- Image #7:
omc_7 = [ -2.541550e+00 ; -1.494589e+00 ; 4.765563e-01 ];
Tc_7  = [ -7.088817e+01 ; -1.202972e+01 ; 5.755634e+02 ];
omc_error_7 = [ 3.969715e-03 ; 2.566587e-03 ; 7.237623e-03 ];
Tc_error_7  = [ 1.740583e+00 ; 1.593658e+00 ; 2.958093e+00 ];

%-- Image #8:
omc_8 = [ -2.279564e+00 ; -1.828430e+00 ; -2.070439e-01 ];
Tc_8  = [ -1.410695e+02 ; -7.120513e+01 ; 4.730951e+02 ];
omc_error_8 = [ 3.457579e-03 ; 2.991649e-03 ; 6.368158e-03 ];
Tc_error_8  = [ 1.448952e+00 ; 1.350951e+00 ; 2.714383e+00 ];

%-- Image #9:
omc_9 = [ 2.640066e+00 ; 1.685093e+00 ; -1.703696e-01 ];
Tc_9  = [ -1.701313e+02 ; -5.936684e+01 ; 5.522894e+02 ];
omc_error_9 = [ 4.206268e-03 ; 3.295662e-03 ; 8.556275e-03 ];
Tc_error_9  = [ 1.680811e+00 ; 1.566752e+00 ; 3.095125e+00 ];

%-- Image #10:
omc_10 = [ 2.536606e+00 ; 1.733879e+00 ; -4.971133e-01 ];
Tc_10  = [ -1.166496e+02 ; -5.010952e+01 ; 5.989222e+02 ];
omc_error_10 = [ 3.610569e-03 ; 3.015392e-03 ; 7.095943e-03 ];
Tc_error_10  = [ 1.815904e+00 ; 1.680502e+00 ; 3.171152e+00 ];

%-- Image #11:
omc_11 = [ 2.148545e+00 ; 2.139984e+00 ; -4.807430e-01 ];
Tc_11  = [ -6.316661e+01 ; -1.998665e+02 ; 6.230528e+02 ];
omc_error_11 = [ 2.814137e-03 ; 3.641379e-03 ; 6.309903e-03 ];
Tc_error_11  = [ 1.945450e+00 ; 1.764440e+00 ; 3.386785e+00 ];

%-- Image #12:
omc_12 = [ 1.654686e+00 ; 2.418551e+00 ; -3.704033e-01 ];
Tc_12  = [ -4.098502e+01 ; -1.767884e+02 ; 6.068432e+02 ];
omc_error_12 = [ 2.319090e-03 ; 3.867614e-03 ; 6.114242e-03 ];
Tc_error_12  = [ 1.868435e+00 ; 1.704363e+00 ; 3.329288e+00 ];

%-- Image #13:
omc_13 = [ -2.119642e+00 ; -2.200371e+00 ; 2.691513e-01 ];
Tc_13  = [ -5.846678e+01 ; -1.549553e+02 ; 5.368372e+02 ];
omc_error_13 = [ 3.727557e-03 ; 3.390878e-03 ; 7.559718e-03 ];
Tc_error_13  = [ 1.658587e+00 ; 1.500530e+00 ; 3.004183e+00 ];

%-- Image #14:
omc_14 = [ -2.541030e+00 ; -1.720167e+00 ; 2.992121e-01 ];
Tc_14  = [ -1.277372e+02 ; -8.180088e+01 ; 5.403208e+02 ];
omc_error_14 = [ 4.064272e-03 ; 2.418430e-03 ; 7.447975e-03 ];
Tc_error_14  = [ 1.645124e+00 ; 1.517666e+00 ; 2.957017e+00 ];

%-- Image #15:
omc_15 = [ 1.208167e+00 ; 2.653047e+00 ; -2.831708e-01 ];
Tc_15  = [ -1.500664e+01 ; -1.843916e+02 ; 5.746749e+02 ];
omc_error_15 = [ 1.784767e-03 ; 4.146990e-03 ; 6.060411e-03 ];
Tc_error_15  = [ 1.769231e+00 ; 1.612587e+00 ; 3.178802e+00 ];

%-- Image #16:
omc_16 = [ -2.731607e+00 ; -1.402291e+00 ; 4.806936e-02 ];
Tc_16  = [ -1.496466e+02 ; -4.739939e+00 ; 5.142161e+02 ];
omc_error_16 = [ 4.709972e-03 ; 2.523333e-03 ; 8.693993e-03 ];
Tc_error_16  = [ 1.564375e+00 ; 1.451884e+00 ; 2.892444e+00 ];

%-- Image #17:
omc_17 = [ 2.240761e+00 ; 2.180460e+00 ; -2.105325e-01 ];
Tc_17  = [ -9.535451e+01 ; -5.005758e+01 ; 5.230371e+02 ];
omc_error_17 = [ 4.236474e-03 ; 3.829862e-03 ; 8.707318e-03 ];
Tc_error_17  = [ 1.584994e+00 ; 1.466875e+00 ; 2.952942e+00 ];

%-- Image #18:
omc_18 = [ -1.716615e+00 ; -2.491919e+00 ; -1.449133e-01 ];
Tc_18  = [ -1.037751e+02 ; -1.130021e+02 ; 4.815113e+02 ];
omc_error_18 = [ 2.867709e-03 ; 4.100860e-03 ; 7.198326e-03 ];
Tc_error_18  = [ 1.473975e+00 ; 1.375055e+00 ; 2.778285e+00 ];

%-- Image #19:
omc_19 = [ -2.712236e+00 ; -1.308014e+00 ; -3.019974e-02 ];
Tc_19  = [ -1.794331e+02 ; 1.352008e+01 ; 5.143733e+02 ];
omc_error_19 = [ 4.451674e-03 ; 2.210176e-03 ; 7.729820e-03 ];
Tc_error_19  = [ 1.566274e+00 ; 1.464203e+00 ; 2.886940e+00 ];

%-- Image #20:
omc_20 = [ 2.496276e+00 ; 1.543829e+00 ; -5.450793e-01 ];
Tc_20  = [ -2.164520e+02 ; -2.090454e+01 ; 6.157657e+02 ];
omc_error_20 = [ 3.024108e-03 ; 3.050952e-03 ; 6.059950e-03 ];
Tc_error_20  = [ 1.879861e+00 ; 1.775042e+00 ; 3.299647e+00 ];

%-- Image #21:
omc_21 = [ 1.641783e+00 ; 2.315143e+00 ; -4.178745e-01 ];
Tc_21  = [ -8.932715e+01 ; -1.060778e+02 ; 5.967459e+02 ];
omc_error_21 = [ 2.346460e-03 ; 3.726607e-03 ; 5.957071e-03 ];
Tc_error_21  = [ 1.809511e+00 ; 1.678907e+00 ; 3.181627e+00 ];

%-- Image #22:
omc_22 = [ 1.405376e+00 ; 2.530524e+00 ; -1.901983e-01 ];
Tc_22  = [ -7.923879e+01 ; -1.265324e+02 ; 5.417126e+02 ];
omc_error_22 = [ 2.301443e-03 ; 4.354393e-03 ; 6.660525e-03 ];
Tc_error_22  = [ 1.648217e+00 ; 1.520828e+00 ; 3.003468e+00 ];

%-- Image #23:
omc_23 = [ -2.328199e+00 ; -1.890544e+00 ; 1.446718e-01 ];
Tc_23  = [ -5.652936e+01 ; -9.535233e+01 ; 5.609225e+02 ];
omc_error_23 = [ 4.785980e-03 ; 4.330042e-03 ; 9.793989e-03 ];
Tc_error_23  = [ 1.715625e+00 ; 1.568288e+00 ; 3.176560e+00 ];

%-- Image #24:
